001
893
767
848
550
601
962
025
084
419
719
060
194
424
515
039
006
184
755
283
731
138
887
341
464
276
200
162
499
640
648
852
533
767
701
436
368
663
461
453
434
532
865
628
957
732
019
315
917
774
599
000
265
838
342
081
114
894
243
614
886
243
466
772
362
519
208
730
535
021
535
969
905
401
598
214
133
617
530
402
744
481
755
009
319
097
442
786
343
685
752
582
280
570
354
642
090
914
724
625
935
612
946
192
365
544
407
850
514
289
253
258
122
008
619
441
457
061
579
152
098
331
734
730
902
088
724
992
002
800
969
289
412
915
482
777
812
241
628
326
530
233
936
652
593
907
445
050
968
377
202
418
708
289
148
610
729
224
954
084
024
923
373
437
191
207
566
003
448
546
329
330
131
617
334
724
524
780
774
844
157
329
262
217
970
762
180
699
338
134
783
362
410
157
151
601
716
070
604
517
616
285
847
100
902
182
824
426
314
951
622
823
280
236
040
250
998
220
301
688
707
085
050
117
594
202
070
310
624
674
827
240
959
027
340
213
209
517
639
523
468
613
698
100
849
090
702
199
311
003
887
370
088
937
487
682
491
909
345
115
583
524
708
894
551
400
107
760
917
098
635
385
711
333
837
560
424
539
111
087
543
998
809
631
935
648
666
779
557
011
894
140
535
602
386
439
355
845
199
272
943
187
010
006
872
847
918
648
387
029
087
930
027
896
913
314
544
579
093
101
942
988
593
830
942
979
269
297
824
820
922
119
359
932
477
232
131
395
880
518
776
968
800
803
216
066
470
761
645
563
214
940
903
808
122
198
139
743
847
316
563
769
787
923
053
265
507
537
660
387
055
789
707
208
944
276
274
414
037
271
330
603
563
585
763
685
135
255
428
983
571
344
104
358
619
510
975
126
047
988
865
454
777
573
662
721
849
288
488
238
912
818
193
475
755
957
513
891
212
293
874
135
989
330
845
608
840
821
734
239
161
600
694
938
525
708
011
726
997
499
316
261
669
509
088
425
818
601
668
382
247
894
869
236
224
715
197
417
888
931
656
049
883
350
339
760
411
702
838
408
202
154
021
223
016
109
000
186
063
668
569
310
562
438
898
139
505
095
556
393
379
564
794
614
915
485
375
678
188
213
086
742
720
459
965
088
568
966
274
631
986
195
293
549
634
192
688
491
639
596
237
018
160
031
633
427
869
360
105
057
925
543
151
997
002
116
085
571
434
712
554
421
907
848
322
541
392
362
385
031
958
622
402
470
005
387
898
874
099
355
283
024
899
434
374
253
903
459
176
337
171
731
110
431
931
432
324
675
794
709
706
104
331
460
575
337
847
825
211
946
180
495
323
431
281
697
037
184
508
213
874
032
296
984
463
227
769
787
902
915
497
961
372
180
773
947
517
973
124
081
271
656
928
594
440
209
643
477
394
152
690
620
184
987
956
999
566
725
786
469
993
635
782
365
816
555
664
685
880
788
766
152
796
694
746
236
904
390
713
650
894
404
622
430
743
578
429
309
656
567
130
649
203
264
366
371
172
030
056
052
170
175
204
318
869
303
555
125
045
620
127
939
376
749
369
119
328
798
781
984
365
911
985
920
176
351
643
700
733
700
752
255
875
957
573
096
612
480
222
657
101
349
596
477
099
965
949
779
115
730
115
832
641
100
105
169
803
748
869
888
800
974
495
027
283
420
124
895
901
698
552
354
399
500
831
850
817
132
629
932
862
096
116
856
548
221
377
703
322
599
591
122
573
438
150
856
859
626
103
760
324
655
466
723
155
297
926
324
782
555
256
644
004
724
500
552
298
878
256
620
829
847
742
402
286
244
610
497
870
713
257
546
720
075
622
227
372
548
551
154
103
159
151
107
883
003
012
533
881
268
153
062
467
896
464
105
140
426
602
363
491
211
909
211
286
531
790
011
079
693
517
535
204
668
994
440
672
006
973
905
274
127
968
742
023
784
199
515
211
802
878
702
013
788
266
652
319
056
663
751
102
180
286
306
201
280
746
873
287
720
130
913
847
450
007
222
235
207
737
446
361
616
500
374
756
766
026
427
175
041
178
277
222
816
583
775
097
330
648
736
050
130
001
249
581
009
471
816
568
208
614
929
176
114
655
284
881
034
712
408
075
242
685
649
059
268
424
156
598
424
244
000
907
245
249
488
606
072
656
526
281
622
807
809
088
463
094
321
849
158
729
276
400
414
278
459
683
054
967
633
831
563
986
738
161
587
578
767
660
586
646
293
208
453
102
648
268
548
970
117
